574 1 PENDING 12 120000000 50000 PANXXX ADHXXX 0 252 252 1140940.0000 10.0000
3271 1 APPROVED 12 120000000 50000 PANXXX ADHXXX 0 24 24 5537391.0000 10.0000
11157 26540 APPROVED Mannat 150000000 150000 PANXXXX ADHXXXX 0 120 120 1819920.0000 8.0000
12985 12319 APPROVED FirstHome 150000000 150000000 PANXXX ADHXXX 100000000 240 40 1447532.5000 10.0000
23451 1 APPROVED Home 12312 50000 PANXXX ADHXXX 170 120 117 162.7040 10.0000
24378 17509 APPROVED New 1000000 1231231 pasdpa apsdapsd 169969 60 47 21247.1000 10.0000
25588 9466 APPROVED Home 1200000 200000 eckpr 2339 0 120 120 15858.0889 10.0000
25631 9466 APPROVED srm 8000000 200000 eckpr 2339 200000 120 114 105720.5859 10.0000
27937 26540 APPROVED LOn 150000000 150000 PANXXXX ADHXXXX 0 120 120 1819920.0000 8.0000
30677 1 APPROVED Ill 150000000 50000 PANXXX ADHXXX 0 120 120 1982260.0000 10.0000
31098 1 APPROVED n 150000000 50000 PANXXX ADHXXX 0 120 120 1982260.0000 10.0000
